731
388
953
691
335
844
23
800
387
867
804
181
941
122
176
801
835
917
152
968
753
46
102
868
16
462
219
305
216
920
169
402
110
35
574
805
761
149
330
656
78
207
921
927
172
57
396
220
850
650
890
393
716
907
908
412
868
737
191
831
861
630
986
228
618
203
406
546
133
244
597
534
132
704
636
8
334
427
714
49
156
450
203
494
530
434
134
444
300
669
33
984
469
898
150
953
523
96
215
189
55
422
374
948
192
234
687
813
271
541
446
980
429
280
693
964
592
533
982
950
100
731
687
230
239
295
291
359
413
724
733
955
674
320
559
96
534
618
328
322
850
43
316
249
305
584
622
863
649
833
89
936
161
209
540
782
276
339
947
960
36
941
170
775
970
292
669
373
650
300
306
266
75
545
736
628
595
39
233
746
986
242
147
581
61
235
196
580
403
648
771
34
476
543
60
246
997
438
291
863
271
954
2
642
960
595
789
650
121
288
43
850
822
124
407
433
877
540
604
259
438
947
455
376
25
381
318
492
836
156
375
643
139
34
467
46
162
44
153
701
319
471
726
787
698
859
562
825
182
776
239
728
873
544
451
143
815
123
244
212
221
801
931
515
41
480
153
489
799
866
478
539
519
89
264
56
722
722
376
559
282
196
1
967
809
891
826
945
554
262
379
51
164
9
516
820
581
367
432
800
75
847
120
79
838
786
741
14
41
503
709
937
639
363
759
787
682
976
265
396
430
9
534
685
540
831
310
363
531
539
733
94
561
257
221
549
256
397
935
416
995
676
925
106
759
58
531
577
71
611
444
314
63
608
329
750
746
641
788
299
375
305
355
592
526
978
479
274
193
398
36
548
141
671
931
878
160
732
691
540
484
272
255
553
921
128
609
673
954
441
699
200
13
580
790
802
798
855
692
168
925
674
791
443
139
858
789
97
972
989
971
385
870
59
110
20
841
261
952
346
142
300
815
262
153
41
186
344
915
29
221
517
960
388
965
52
32
58
765
7
857
674
429
340
865
855
444
264
9
65
532
167
29
191
396
746
312
779
612
549
396
310
937
515
791
824
808
913
929
884
367
765
506
686
175
785
768
794
838
71
294
722
897
450
361
836
430
134
36
262
871
590
707
15
139
928
12
627
318
111
481
706
305
581
266
53
268
395
144
382
152
462
556
356
913
511
574
192
640
784
570
39
247
494
468
75
838
735
412
304
619
818
117
185
477
677
303
732
41
422
204
289
517
866
136
442
586
700
817
471
808
219
966
25
673
338
716
608
791
429
484
4
961
221
608
52
656
680
412
607
585
24
633
973
755
278
28
528
327
867
870
36
264
619
876
849
472
918
335
169
530
948
254
978
782
693
503
993
734
538
540
977
488
611
914
847
884
846
589
835
805
144
488
365
812
380
793
649
8
357
312
761
386
26
839
78
853
637
541
963
123
175
261
190
626
532
676
115
821
662
280
870
951
217
755
117
546
794
967
344
485
789
995
182
333
761
372
349
82
690
639
942
314
603
890
114
891
606
426
493
762
346
991
926
785
896
748
975
364
690
779
416
484
967
286
114
757
959
479
834
98
432
448
549
889
779
615
50
344
638
545
425
398
119
192
998
863
953
799
137
631
782
434
397
56
74
938
915
999
47
14
650
328
322
133
685
34
138
512
186
4
840
949
658
399
255
229
10
22
978
943
789
367
748
510
524
205
336
877
499
175
757
979
104
256
925
834
315
329
891
737
901
124
879
433
78
975
864
692
95
560
60
505
16
208
63
436
560
984
837
435
863
168
686
132
841
359
173
586
809
524
116
494
391
803
136
41
896
643
861
223
64
428
158
160
863
85
451
521
373
804
207
359
115
855
964
115
144
511
270
633
972
869
417
123
364
733
751
930
99
830
322
100
418
323
226
601
60
860
396
199
216
533
432
230
731
440
813
694
633
135
115
900
384
729
860
76
2
878
951
88
149
102
275
670
880
675
621
919
620
951
782
492
404
455
317
51
971
487
612
336
993
456
944
391
593
820
546
309
578
930
342
310
504
637
813
736
246
311
91
239
443
459
430
842
758
607
657
251
38
656
685
428
203
216
379
861
403
74
800
562
58
870
525
328
529
440
754
864
409
227
327
124
324
875
815
591
441
384
297
970
474
374
772
904
171
81
926
826
658
950
345
703
405
245
762
955
876
987
280
89
860
348
646
939
909
397
37
998
561
414
185
883
458
86
157
663
94
970
61
916
697
670
49
664
456
332
593
915
117
713
706
975
612
508
803
224
705
123
620
194
411
166
324
370
697
676
668
309
456
500
358
484
86
372
708
681
566
645
734
635
984
296
692
597
836
601
955
22
27
506
208
929
634
467
247
740
4
4
670
189
811
285
427
521
715
365
638
942
115
926
420
64
969
546
74
521
384
55
738
985
193
445
93
758
219
649
381
924
496
138
590
765
510
944
136
292
998
412
771
484
84
659
600
405
476
380
352
942
733
193
676
430
821
762
752
860
121
364
180
231
439
641
256
336
490
545
771
508
857
831
208
677
948
526
574
991
684
938
931
584
583
155
244
945
76
835
395
713
529
81
550
681
598
502
176
506
485
773
166
162
33
440
400
190
184
405
553
593
375
775
477
707
160
937
247
229
90
677
180
328
478
83
639
101
633
173
50
599
74
575
253
197
722
324
423
779
795
939
894
944
943
560
980
515
14
639
920
838
323
892
598
461
276
262
36
232
660
602
210
515
422
947
62
135
232
206
65
497
506
300
953
752
249
785
275
788
453
594
700
418
219
236
469
980
392
118
265
813
555
320
69
538
348
733
643
940
975
708
946
138
920
125
741
796
546
150
974
506
48
589
591
634
798
232
301
793
221
792
290
329
657
820
437
232
729
506
936
561
475
792
862
108
641
505
79
648
884
387
401
289
507
381
621
436
80
757
419
752
839
655
74
623
756
450
192
289
696
685
322
521
415
687
514
113
122
44
378
417
420
923
449
589
779
596
657
548
556
143
753
412
931
344
854
931
230
190
473
521
109
922
221
313
945
589
512
38
118
859
388
43
974
987
216
402
875
336
71
157
200
954
701
603
588
941
706
83
181
596
932
340
69
726
157
301
76
654
846
944
113
104
862
393
302
143
556
972
111
700
597
84
702
873
994
776
511
548
417
465
955
679
390
846
163
348
333
848
691
253
903
890
760
505
87
967
624
915
712
71
532
773
789
733
12
26
284
56
911
872
880
401
125
196
425
404
756
320
674
311
355
391
543
183
695
242
841
810
103
11
680
864
46
830
739
986
100
295
151
901
465
982
378
168
48
279
267
712
491
198
672
829
913
920
322
917
848
597
105
918
105
58
888
809
447
411
581
538
731
189
711
452
376
545
524
601
926
180
726
775
469
603
106
166
351
860
469
870
658
24
914
262
120
109
500
39
693
504
701
399
349
535
57
913
544
229
722
641
219
598
192
365
764
522
405
184
754
335
714
184
302
150
250
959
346
360
617
126
876
650
48
957
78
947
944
728
734
422
407
172
93
530
444
735
863
799
396
284
166
612
527
734
546
372
370
52
281
767
265
731
687
156
385
401
82
3
663
741
493
744
929
317
911
941
991
767
711
111
644
441
951
592
495
755
370
573
705
442
458
101
194
880
346
586
453
855
445
92
516
501
834
304
89
400
477
360
635
26
578
197
769
80
304
159
814
61
976
485
961
724
769
383
495
834
610
304
376
530
411
546
947
898
664
746
446
826
618
666
398
61
68
693
111
960
263
685
576
727
579
936
255
287
698
217
564
230
186
51
565
422
384
208
262
601
979
616
322
87
220
429
426
786
992
331
913
546
975
157
922
261
924
626
462
150
913
503
782
862
399
110
577
544
695
412
794
878
288
248
946
58
245
38
613
775
922
220
427
149
299
476
766
243
361
792
771
526
522
292
103
48
388
213
815
940
541
88
940
46
722
365
937
464
451
449
442
790
431
251
963
387
193
302
618
500
166
693
386
123
521
78
501
270
133
261
837
237
519
121
919
531
326
371
860
588
960
170
5
765
250
884
259
168
955
71
913
646
125
214
150
55
666
223
74
110
143
737
557
392
87
762
727
99
807
495
719
730
65
597
139
318
695
115
920
713
614
747
327
612
149
414
548
321
240
124
956
402
669
813
947
504
634
657
88
984
449
315
517
264
778
749
430
887
491
525
245
322
878
909
424
434
295
433
568
59
137
569
238
736
700
853
396
346
468
800
430
304
617
966
763
503
183
119
404
522
266
637
455
302
519
58
224
444
257
683
773
138
887
233
805
883
311
198
500
737
761
460
213
373
474
489
501
166
484
47
168
469
446
584
442
881
733
718
700
766
23
464
464
881
711
97
371
398
666
51
927
802
957
161
98
837
1
42
822
767
924
24
534
707
477
264
857
928
116
165
950
644
748
813
581
60
165
925
78
31
506
536
8
73
4
499
943
410
817
900
907
662
741
120
66
160
435
275
897
767
80
378
364
355
996
405
455
680
101
313
104
185
42
26
292
304
586
909
58
954
359
843
248
144
226
681
544
687
315
276
310
41
940
491
233
485
948
821
603
377
875
337
431
488
399
228
694
310
530
380
982
935
157
867
696
896
302
808
948
926
369
16
211
379
574
402
577
799
919
103
197
722
627
824
622
583
700
138
92
797
514
300
111
223
178
105
808
139
790
865
323
136
762
314
957
160
152
484
368
821
313
905
264
680
457
283
345
804
701
920
31
577
756
305
914
845
607
888
900
21
423
647
640
969
681
886
936
213
264
268
147
947
959
815
881
910
913
398
29
530
831
835
14
319
197
374
985
501
594
557
399
233
843
240
471
413
715
240
415
893
0
759
316
445
156
971
964
97
727
181
900
837
70
150
355
483
610
704
938
690
903
818
262
99
359
694
788
303
627
709
663
869
669
434
905
408
645
403
756
604
678
747
108
961
420
397
323
96
821
404
0
170
161
205
93
776
439
230
923
901
861
792
12
104
587
567
469
814
877
522
638
972
892
638
335
514
151
725
985
307
187
203
223
912
212
969
271
572
903
667
120
850
390
453
249
435
902
842
756
732
433
228
614
573
963
872
627
276
755
776
962
239
48
828
459
168
581
243
673
730
802
675
376
794
473
672
419
402
626
401
514
983
811
414
7
921
464
493
227
811
435
132
258
864
432
953
112
670
335
766
270
687
758
600
445
433
451
542
726
24
219
406
819
105
538
707
430
95
743
907
924
883
19
813
221
828
278
416
786
582
950
750
859
790
870
175
621
67
55
26
365
129
917
998
324
808
640
871
662
41
100
588
704
936
528
157
470
988
80
659
710
364
687
255
372
788
549
748
379
805
273
616
997
330
371
989
303
350
977
135
620
275
683
350
917
78
93
306
657
679
873
22
983
204
966
182
965
132
281
626
203
441
902
653
554
439
331
71
754
297
409
61
308
82
336
979
797
129
422
112
844
510
460
735
913
770
790
54
41
811
372
823
874
764
905
428
335
699
927
471
936
147
813
479
322
730
871
727
38
413
560
705
1
952
231
688
400
714
43
899
349
476
211
741
930
418
95
361
793
346
117
826
893
746
473
993
801
486
12
176
243
431
951
331
245
215
556
566
56
848
665
329
124
860
922
673
9
303
323
424
843
745
855
852
846
864
135
917
358
131
42
0
312
809
389
353
435
447
192
109
965
536
53
69
844
598
245
294
649
479
121
710
682
332
2
233
501
267
333
561
268
436
367
300
306
896
336
767
912
701
743
81
236
998
451
866
670
823
280
746
512
959
318
766
426
358
906
141
872
246
127
392
344
550
309
56
755
632
412
650
432
36
645
21
783
70
157
428
737
275
215
639
641
649
341
76
383
332
435
603
729
340
56
975
494
68
401
680
697
246
308
477
110
865
566
590
724
44
673
928
487
773
510
538
321
482
19
493
484
849
433
632
678
771
812
553
594
939
392
287
391
748
476
828
863
432
102
32
182
965
123
65
725
969
361
367
570
807
843
683
422
994
104
144
274
870
936
922
639
294
444
234
577
903
937
979
39
828
57
839
817
75
798
739
22
108
267
234
162
906
193
660
56
962
3
919
537
465
7
670
337
58
170
909
67
476
510
287
657
89
74
647
898
763
742
946
719
602
994
646
643
81
26
492
879
958
944
368
736
263
438
169
206
242
334
900
57
469
872
515
898
293
39
259
75
82
512
987
452
782
928
384
755
502
58
982
287
665
281
808
857
838
888
344
752
611
204
11
648
648
738
843
437
265
178
216
186
466
807
825
864
709
426
764
445
391
635
293
780
288
60
355
242
17
393
966
700
848
167
893
266
935
704
692
328
707
105
306
345
440
448
72
792
914
317
966
869
614
939
488
97
631
467
45
254
820
118
712
709
814
53
751
61
800
679
945
541
279
38
381
534
353
462
701
688
34
571
937
568
905
222
888
98
873
979
746
929
859
410
409
248
529
9
901
84
629
674
510
648
688
966
892
828
23
814
27
516
840
713
939
992
442
23
347
821
146
760
349
199
170
890
269
385
948
974
587
907
516
782
984
54
155
509
956
8
256
354
550
535
569
931
30
27
519
594
300
980
975
862
883
740
565
841
312
899
595
49
172
974
664
862
833
827
763
551
378
868
150
65
698
317
16
405
774
212
459
132
999
708
180
625
776
509
936
580
254
371
803
63
589
33
628
302
95
139
61
520
495
669
911
756
204
132
618
378
833
606
433
512
73
272
868
637
576
140
335
125
812
717
400
554
994
953
294
771
589
193
269
364
698
360
581
121
143
670
426
872
250
360
607
298
205
85
652
22
878
687
46
963
301
164
61
71
847
673
89
464
0
2
13
654
53
216
870
300
959
959
365
433
964
155
104
959
719
159
615
864
64
329
969
583
414
789
871
250
144
245
304
994
123
874
860
628
773
201
533
976
337
229
311
403
740
180
248
835
948
329
489
494
184
366
941
639
289
212
913
135
312
193
49
700
570
340
956
224
870
519
213
865
336
993
763
400
725
864
754
664
486
280
416
566
658
130
124
823
356
668
944
930
188
721
431
970
809
389
345
8
460
222
308
212
40
986
213
269
837
538
828
501
659
152
317
690
532
586
283
186
875
410
559
766
24
649
262
801
845
488
880
382
963
83
637
140
749
194
866
823
718
517
689
547
983
836
215
863
184
792
422
116
896
498
867
481
280
733
570
421
289
266
965
279
190
929
84
253
276
910
126
464
525
56
709
624
596
505
688
513
788
114
121
994
521
735
359
645
79
418
223
984
777
743
731
960
330
59
396
92
912
426
308
261
582
468
684
304
120
179
684
220
441
291
777
687
89
814
752
960
467
379
545
744
314
402
103
579
283
143
659
356
133
89
8
586
621
966
658
37
646
637
592
468
942
143
480
951
796
970
561
844
86
332
156
753
775
225
52
812
372
232
516
650
863
768
103
458
133
947
587
902
859
852
895
13
526
306
324
503
655
369
463
95
661
857
268
166
988
557
686
897
227
275
123
625
67
971
461
571
68
109
851
260
530
171
222
395
652
488
231
107
285
349
166
499
955
670
981
195
213
893
419
485
626
914
556
590
252
261
301
888
876
922
366
173
383
840
73
250
709
406
270
685
938
642
937
589
534
560
443
309
903
891
76
860
814
139
131
644
119
795
68
348
609
309
784
781
966
693
659
229
221
703
622
875
59
861
588
393
832
881
66
79
565
12
856
321
299
400
700
855
950
800
613
909
73
938
941
134
315
950
312
610
48
790
361
585
482
194
652
691
902
607
902
925
555
579
344
930
836
399
395
204
151
769
301
685
262
606
857
951
571
944
693
619
961
265
29
882
61
133
941
270
707
45
427
860
677
861
147
361
183
283
348
214
341
298
184
433
325
627
168
161
313
479
638
46
621
708
252
370
280
705
18
24
501
351
77
536
896
934
931
531
454
217
27
409
485
751
280
133
50
751
167
442
386
887
158
861
352
409
436
878
757
795
576
244
878
417
305
67
727
617
428
629
69
195
324
698
578
51
452
205
521
948
680
782
977
363
898
589
430
317
336
113
170
798
370
741
843
551
273
388
983
731
451
617
658
510
667
45
368
763
206
589
710
968
448
23
650
536
869
282
523
781
587
928
338
535
596
817
88
478
538
372
82
184
915
444
784
239
348
901
339
834
98
993
236
118
748
972
745
833
811
536
754
636
51
662
506
554
588
826
873
296
905
273
646
619
529
18
578
785
300
742
728
501
941
765
304
219
454
190
858
83
426
411
288
261
883
743
549
410
411
525
49
539
616
502
374
9
137
646
421
504
13
68
153
392
379
989
862
617
355
179
394
338
875
671
465
222
239
256
431
565
216
958
645
650
540
608
23
862
782
190
709
920
92
228
173
327
623
980
697
486
72
655
308
506
277
887
400
283
298
636
772
604
533
897
873
617
522
250
779
37
725
677
261
133
189
338
149
301
485
584
887
644
887
741
165
910
938
329
731
598
218
816
128
918
198
458
49
157
76
425
48
571
121
982
338
116
853
617
215
590
474
755
994
977
822
969
735
27
454
639
524
581
218
495
624
565
304
805
713
624
16
40
26
996
118
623
481
551
478
357
734
744
874
594
31
8
911
784
912
76
38
503
688
458
22
733
111
726
582
974
772
608
656
627
811
443
561
314
67
508
342
826
798
749
128
722
593
69
208
429
571
86
813
787
603
987
418
799
162
108
765
896
959
711
658
871
905
525
646
884
239
62
679
285
932
90
745
749
870
405
155
764
933
701
696
616
377
619
242
40
700
340
729
137
846
371
504
511
167
941
56
418
296
345
494
754
698
626
672
800
344
442
334
170
929
628
483
347
253
710
834
421
113
210
965
883
821
639
504
416
586
49
292
990
513
953
528
244
239
954
434
255
92
130
819
843
827
312
281
862
828
353
142
25
949
593
133
540
31
632
133
789
324
618
477
637
271
723
671
519
468
350
794
877
182
904
728
361
511
709
686
141
770
894
18
224
204
934
646
94
641
536
10
730
411
263
656
379
62
217
937
192
671
545
125
0
834
127
912
706
498
879
176
206
643
859
682
519
731
5
220
214
647
4
349
692
283
882
273
899
457
937
945
50
179
328
655
923
811
590
838
306
479
145
368
92
290
426
674
633
757
569
682
288
301
497
905
230
94
592
195
803
846
182
610
553
964
791
122
297
982
638
792
12
250
551
268
795
436
721
158
395
951
87
229
728
319
842
585
413
594
677
570
934
999
44
874
266
966
825
613
672
759
668
385
220
351
999
432
950
269
83
994
760
707
563
640
978
64
283
267
820
874
556
707
639
297
999
108
568
982
83
386
962
818
13
93
31
555
675
999
779
1
261
290
29
447
728
944
138
389
320
730
88
571
186
713
324
671
35
675
840
119
352
461
676
235
364
272
920
769
759
6
116
524
697
371
149
967
835
744
124
746
869
226
155
647
586
753
999
23
213
525
37
798
414
571
531
549
892
677
676
678
945
968
710
281
869
743
916
741
376
701
667
195
327
687
116
276
633
247
549
115
631
469
36
445
775
32
521
61
836
170
254
444
299
394
901
533
883
611
671
511
650
858
333
147
785
157
244
302
331
558
922
960
719
551
255
330
943
391
219
239
197
34
618
265
57
159
30
540
721
795
665
56
838
588
484
248
22
624
153
207
164
163
810
962
576
270
221
368
228
365
933
415
28
609
21
336
872
868
707
250
34
660
502
84
991
326
918
44
188
260
719
613
703
361
721
789
398
264
935
788
15
589
850
296
70
115
26
502
228
77
984
683
50
576
787
888
50
981
445
388
550
117
425
459
816
468
947
652
549
712
364
289
935
27
936
415
77
620
694
77
257
501
923
338
222
805
843
999
315
429
734
739
865
287
835
405
781
146
644
668
362
258
501
243
902
69
458
688
807
904
380
467
722
440
407
540
32
965
107
261
350
273
157
87
775
166
538
936
880
612
439
921
695
322
720
854
529
812
379
207
279
115
344
84
276
723
528
805
310
222
718
311
398
805
358
530
702
182
161
735
614
409
986
423
410
20
0
599
996
695
329
608
513
82
271
522
955
794
345
608
531
650
897
711
64
878
549
777
816
867
860
934
98
522
151
906
358
252
674
33
818
880
318
318
729
7
244
339
706
392
568
659
387
191
871
555
967
976
46
192
43
449
288
114
833
118
636
213
343
286
521
880
320
299
671
862
20
767
340
490
326
785
719
272
106
855
292
775
313
86
292
682
906
604
569
933
791
151
451
397
81
438
674
968
281
333
16
564
357
702
322
500
90
762
875
68
756
336
37
101
375
292
845
916
641
505
513
813
927
657
65
838
353
136
520
430
954
897
653
956
551
952
658
515
372
247
776
307
637
220
957
147
16
352
12
674
213
490
847
302
182
745
242
772
929
616
359
525
479
244
802
233
496
50
937
685
653
491
970
544
138
905
17
244
646
691
916
512
648
276
668
730
440
906
586
418
511
523
524
81
668
986
539
360
875
478
842
70
660
891
221
985
566
58
380
237
278
507
586
226
464
844
462
967
512
273
445
829
494
491
82
319
668
886
948
517
397
417
458
520
347
378
413
336
781
834
826
793
435
60
282
683
576
28
216
104
11
714
631
153
226
5
230
178
867
468
441
124
496
344
204
393
63
325
254
698
227
407
712
612
274
642
665
33
188
401
735
242
429
56
908
786
503
629
395
790
919
41
349
225
209
109
212
748
699
839
180
970
652
964
537
154
495
871
273
646
872
136
430
208
457
152
832
11
313
936
381
455
58
185
390
263
573
342
687
565
589
869
466
590
268
709
482
23
998
130
607
902
976
563
994
670
220
125
118
994
708
864
745
650
377
119
230
275
135
861
945
41
222
587
782
176
968
110
606
816
866
669
982
823
761
792
142
592
634
811
363
257
277
778
42
2
967
719
562
953
51
64
900
771
773
747
2
413
979
795
313
920
23
692
820
259
141
481
422
27
494
680
532
461
799
603
605
891
201
823
998
349
181
193
534
903
788
868
467
361
448
863
944
428
755
932
412
159
234
140
151
601
285
533
259
426
150
117
949
370
531
584
879
635
290
654
931
714
984
80
742
111
5
680
222
463
488
544
177
391
507
595
876
345
122
216
813
339
982
462
174
354
888
553
71
854
780
25
982
135
916
915
629
301
189
545
368
805
611
389
697
823
12
972
210
148
843
933
278
621
707
856
13
191
437
723
51
435
129
528
147
834
693
546
229
781
917
86
993
746
31
631
878
130
241
378
372
32
506
568
690
324
313
345
389
501
446
549
606
694
371
557
359
431
975
121
714
444
631
475
141
722
233
945
957
694
526
336
790
992
43
195
693
76
429
995
387
929
990
169
302
98
584
710
429
307
605
555
327
614
857
997
113
698
133
360
283
389
768
100
373
480
691
205
315
673
458
956
210
278
890
411
862
469
604
6
858
912
940
13
514
422
310
46
248
861
558
631
522
355
298
297
708
397
198
888
336
510
835
950
958
968
182
904
593
289
497
489
960
141
400
138
678
625
114
707
975
480
345
546
63
958
832
754
992
953
56
640
647
16
190
55
692
356
301
419
397
715
36
658
214
491
420
791
254
883
705
112
577
69
354
655
542
944
38
421
660
291
452
170
854
867
31
322
128
485
28
809
924
287
754
759
934
592
685
183
880
240
359
617
578
554
100
383
802
167
472
349
269
20
655
369
343
907
280
90
804
55
31
638
843
576
462
843
748
687
647
591
702
828
352
762
847
427
420
473
689
20
258
478
669
634
60
138
231
907
454
277
830
766
465
701
974
764
947
858
756
196
325
154
69
490
41
48
908
210
117
558
974
798
80
948
491
672
728
745
907
217
222
982
322
527
639
298
50
629
487
752
555
820
916
789
82
263
981
13
27
389
221
365
356
296
847
635
152
162
527
209
685
63
659
793
899
501
213
986
937
120
590
897
285
602
160
19
631
663
151
206
514
103
334
696
65
93
442
87
594
172
821
687
754
42
593
578
877
852
334
81
727
912
90
233
612
242
812
793
9
774
445
160
493
732
260
35
415
330
557
980
837
931
413
582
894
557
532
916
389
680
495
698
626
971
241
548
559
720
101
218
948
792
739
477
71
417
188
651
379
675
908
158
660
762
276
195
245
742
256
317
622
934
675
786
957
747
909
846
903
57
471
171
931
888
283
354
508
761
722
659
1
675
643
361
3
182
997
209
666
87
602
184
340
65
24
860
844
957
844
371
562
200
197
528
236
67
794
972
721
120
434
128
990
784
23
481
191
273
365
364
923
557
948
457
748
590
543
269
714
829
977
423
644
289
572
620
242
229
285
317
969
131
135
958
396
452
938
562
283
761
504
970
219
707
380
356
114
799
599
104
364
518
328
70
79
697
87
963
176
801
111
235
809
652
78
448
711
380
170
216
787
65
313
189
317
879
605
557
736
506
314
754
959
870
949
4
994
259
188
618
836
61
412
552
652
881
242
826
277
76
18
431
316
110
997
929
199
155
843
360
29
106
325
806
717
175
877
589
574
411
540
5
568
131
472
322
110
358
537
338
233
439
78
19
138
59
8
803
355
748
770
289
698
508
355
185
523
982
307
518
49
685
950
463
401
208
599
123
484
141
324
825
542
194
690
233
431
156
77
686
734
798
302
149
581
195
922
526
997
14
650
897
631
350
900
325
435
336
94
737
737
996
50
933
562
402
882
723
330
845
793
647
748
485
156
46
689
99
323
714
487
325
648
243
971
1
611
210
562
182
495
455
673
630
357
42
327
704
691
782
828
939
248
938
449
76
710
873
147
256
413
785
581
261
472
608
9
226
335
299
210
776
696
520
489
704
954
635
35
827
511
518
315
713
357
890
121
473
762
866
342
383
242
990
891
75
127
373
965
54
795
475
175
816
444
930
341
133
860
997
296
102
348
848
26
219
549
523
576
94
707
861
783
658
487
101
708
939
543
652
205
304
108
151
661
443
359
176
880
273
216
987
531
724
925
406
286
357
644
874
626
911
373
279
297
304
567
651
822
600
325
539
186
708
789
554
112
28
749
758
990
584
66
90
840
322
454
998
634
572
989
515
850
474
45
266
400
66
135
820
316
856
190
900
922
118
59
641
603
257
475
528
771
342
997
62
11
379
972
314
427
547
381
961
302
129
557
403
305
630
443
555
121
549
53
956
184
131
362
47
380
228
371
505
556
720
463
681
600
381
105
120
212
990
352
568
448
129
515
975
743
103
598
213
258
148
54
472
329
798
349
89
949
498
723
471
821
209
305
106
611
162
99
370
113
362
649
798
53
102
818
208
191
369
646
445
179
145
101
74
984
755
377
859
268
199
534
141
297
582
322
547
135
927
340
262
863
634
861
948
298
940
197
323
740
113
180
128
800
735
127
840
593
958
410
127
891
390
608
63
348
730
324
864
298
528
146
30
377
162
344
689
241
702
234
197
482
929
199
241
878
563
622
245
417
148
492
588
807
437
781
337
826
393
123
358
214
57
216
512
684
14
757
110
7
698
565
240
950
832
665
325
478
450
648
900
556
848
274
308
940
838
201
279
192
711
949
585
145
997
179
46
747
931
977
690
184
634
88
490
844
359
366
647
855
645
951
195
316
743
352
412
334
454
464
37
130
536
612
148
717
98
269
366
530
980
487
198
240
666
849
725
38
28
660
892
356
555
25
365
904
475
588
383
417
0
503
799
763
345
700
923
455
42
691
363
478
253
796
801
283
504
970
927
474
34
277
263
977
742
162
525
321
586
952
649
424
642
329
881
663
965
339
964
451
898
410
841
178
555
812
989
116
590
25
875
860
349
781
109
65
404
908
545
965
167
824
327
73
150
770
831
179
17
619
832
565
773
381
851
923
777
523
590
529
346
289
436
127
17
90
962
74
71
764
356
7
951
762
709
687
753
118
62
594
351
896
269
769
80
864
607
676
915
764
729
172
838
654
592
647
195
286
689
942
187
927
274
356
229
472
798
813
311
585
368
680
965
704
879
851
768
823
792
234
829
644
210
619
806
501
554
385
334
557
878
586
214
736
998
111
445
262
647
464
884
688
162
842
559
637
961
23
863
294
634
31
700
926
852
232
232
744
621
328
279
316
166
130
306
298
270
949
971
418
91
381
459
421
944
651
215
99
312
592
577
714
729
202
3
679
491
640
142
141
319
744
688
903
965
482
764
395
77
185
908
494
527
214
889
790
487
976
83
783
56
596
780
510
441
628
406
627
284
840
317
63
843
830
727
66
966
302
408
687
831
695
659
614
607
256
578
942
961
204
118
245
907
213
322
429
830
899
834
246
491
194
585
530
973
717
375
968
453
370
594
256
376
644
348
576
101
623
434
305
779
892
644
569
472
833
384
413
972
203
633
395
395
306
422
770
889
226
173
494
559
290
877
276
964
419
899
582
96
927
276
923
970
379
458
886
209
26
786
737
511
231
673
87
57
366
919
331
323
144
772
560
288
298
727
429
191
545
605
268
754
516
286
904
376
773
803
873
546
413
796
350
27
323
246
157
16
25
337
665
798
972
272
73
115
165
994
921
365
873
117
359
951
553
482
845
578
199
59
454
848
478
777
534
972
508
194
130
605
31
560
729
616
121
717
718
5
985
378
595
890
919
519
19
300
852
189
756
453
652
375
536
695
233
166
359
550
245
147
690
379
283
672
294
164
115
728
922
833
160
653
639
674
240
824
780
869
711
826
579
747
48
825
252
610
890
399
675
757
770
29
992
455
939
12
571
86
191
940
650
44
800
709
289
498
319
11
813
109
400
631
365
594
952
519
877
397
661
464
160
589
272
618
641
556
401
890
310
723
712
581
434
658
275
647
878
572
425
916
539
72
289
166
454
333
608
173
960
277
525
996
593
650
539
800
97
431
842
476
259
701
282
503
822
509
166
335
641
837
921
183
874
428
559
652
154
327
354
37
425
38
352
113
826
169
677
858
43
515
483
599
820
561
562
703
233
548
261
969
293
617
435
417
53
42
407
493
230
854
293
189
292
227
336
137
360
820
13
644
356
77
174
478
415
771
188
56
304
249
124
200
888
421
300
229
153
328
619
620
724
108
682
280
964
713
627
897
645
664
292
259
920
497
968
63
862
535
802
670
566
608
55
154
437
115
439
951
649
674
80
926
522
455
479
947
430
691
731
732
367
185
888
10
930
434
877
252
711
585
379
566
96
142
42
785
649
880
769
596
154
451
697
328
315
330
184
625
141
598
405
776
969
148
252
717
271
836
208
610
869
413
112
27
554
647
696
762
6
481
621
14
248
128
964
155
363
905
655
782
750
581
381
15
511
739
197
352
971
372
967
541
604
896
199
633
304
302
463
872
793
792
512
124
191
885
124
238
534
887
243
150
933
525
111
966
549
348
414
376
561
166
253
432
496
708
836
37
349
663
937
952
815
578
172
567
82
812
252
900
153
434
581
781
493
225
463
961
511
737
540
816
150
549
597
561
982
670
209
49
629
943
756
399
707
60
504
741
493
732
314
408
350
661
947
344
483
230
433
635
209
168
274
525
118
821
541
298
736
291
309
419
558
290
818
791
113
320
269
129
550
703
944
231
579
508
561
946
955
720
401
849
272
491
44
697
44
620
735
576
484
701
961
399
378
59
912
452
581
676
473
71
887
465
212
557
699
555
457
960
449
458
755
400
63
8
911
458
501
755
808
46
573
514
859
223
822
567
618
588
732
418
480
307
61
559
808
805
210
782
74
853
984
784
522
865
154
201
534
707
429
609
349
682
919
292
759
625
773
57
132
185
496
632
997
306
427
965
49
813
540
801
157
837
844
327
796
547
653
572
326
849
431
527
424
718
142
889
960
848
228
686
554
440
279
217
28
663
414
70
827
711
533
512
984
172
51
699
331
833
732
699
610
206
488
4
614
855
407
339
962
864
783
665
504
285
243
800
930
286
546
750
962
16
346
935
903
582
327
615
700
766
587
420
614
488
219
394
355
169
988
736
401
630
953
999
850
396
410
915
322
300
874
186
450
579
725
578
181
328
516
871
339
639
135
570
639
939
286
709
682
319
731
138
923
893
319
748
708
824
936
77
977
844
571
550
223
230
332
165
590
333
624
648
21
432
379
81
185
481
690
714
273
839
455
687
569
97
853
698
665
758
903
522
394
426
857
501
396
499
162
364
774
138
229
6
164
684
626
124
14
200
798
796
603
123
844
289
409
79
182
976
167
850
948
325
409
523
47
892
735
223
771
467
283
793
119
356
924
865
82
537
940
163
28
976
867
24
878
510
790
378
631
592
936
840
692
68
899
305
402
646
842
766
11
718
158
232
668
607
475
705
527
531
671
990
913
98
966
514
801
737
773
710
788
230
633
412
353
754
347
986
966
664
387
804
751
946
605
227
221
394
300
201
19
222
842
62
408
621
657
876
338
494
193
279
904
847
182
385
177
867
381
346
926
957
644
156
625
953
675
636
17
746
35
580
803
22
113
358
287
429
710
803
740
496
846
658
584
687
163
620
95
683
6
803
727
530
370
179
607
344
749
81
234
18
491
416
532
975
800
50
247
591
186
315
82
685
769
874
895
409
524
201
736
310
858
283
109
586
49
909
956
924
262
957
21
263
410
575
633
309
813
431
463
247
177
216
986
464
934
643
307
98
821
499
838
744
507
901
843
850
117
118
860
527
579
636
326
333
930
614
998
803
473
184
841
688
607
686
455
509
519
401
269
917
610
352
847
5
144
686
342
805
506
529
123
614
590
139
752
303
776
193
167
448
762
233
314
215
800
224
270
80
530
129
220
406
887
282
373
881
946
417
666
32
332
428
821
222
574
917
336
41
344
396
648
725
331
862
845
943
104
492
497
421
579
30
466
131
807
670
134
696
671
314
570
535
382
537
247
337
476
830
881
336
334
426
805
135
289
188
927
277
690
979
486
848
197
245
196
445
680
376
645
910
323
269
323
629
158
996
60
973
759
811
329
223
862
856
51
50
167
310
388
92
4
44
991
461
188
880
190
491
364
67
614
223
344
502
377
766
415
851
599
140
608
958
922
580
412
138
549
802
842
464
575
289
736
714
898
232
397
965
131
486
353
189
925
807
901
594
919
511
796
393
830
764
117
861
464
504
452
132
575
699
156
206
669
183
212
912
890
85
459
367
680
365
17
632
615
266
11
700
2
676
194
257
612
479
777
276
24
377
410
193
445
681
332
5
74
435
778
403
435
408
195
155
848
2
425
217
662
92
496
441
589
88
326
784
310
739
345
805
726
3
145
279
931
960
132
640
713
168
719
447
946
725
56
700
432
377
325
708
200
834
72
268
493
520
442
73
502
562
672
758
694
313
543
608
61
133
280
292
279
571
527
640
193
224
326
982
748
447
105
44
944
534
718
673
990
655
259
10
906
2
795
890
675
88
6
937
760
34
764
563
328
336
694
353
550
261
138
341
776
535
513
462
154
885
958
596
604
922
373
37
396
142
101
678
169
363
499
557
462
476
149
307
623
522
808
767
428
424
719
374
367
846
409
14
58
116
837
897
122
548
892
383
722
218
754
941
294
799
123
90
461
912
775
623
737
133
521
742
599
758
570
683
933
384
924
200
397
885
566
29
117
242
443
204
191
273
847
475
500
15
8
706
152
792
964
68
82
950
469
690
475
601
278
963
72
752
248
592
837
213
37
899
584
855
272
528
584
881
455
796
920
16
159
850
547
394
178
92
69
721
471
935
100
350
391
743
722
307
335
105
680
305
375
808
328
96
542
302
151
397
71
948
565
173
372
38
283
392
357
469
239
721
685
424
863
778
42
421
40
948
727
320
97
683
927
574
985
448
784
356
730
745
994
960
968
115
523
745
946
903
672
171
812
619
513
874
566
511
442
952
29
151
994
321
180
705
538
571
31
436
556
756
291
217
44
771
917
285
863
249
366
332
119
880
23
58
49
25
223
538
796
820
366
290
53
656
341
325
907
355
21
928
940
787
368
913
346
810
279
368
982
328
641
570
815
146
773
786
807
569
853
816
715
326
799
358
348
872
480
709
287
16
575
655
149
268
804
549
967
40
923
72
139
275
657
60
131
276
706
969
696
133
60
547
939
200
331
882
659
639
490
388
504
264
355
717
435
844
139
144
928
361
781
960
361
285
985
568
184
171
361
744
984
218
912
329
857
489
631
815
614
975
470
909
789
982
147
543
42
672
209
488
640
665
248
940
45
692
749
808
625
954
703
342
979
908
246
92
736
106
279
92
993
773
759
446
863
814
876
593
766
609
843
425
83
412
897
970
796
578
218
82
322
541
423
477
933
239
920
842
645
961
238
810
384
76
963
17
437
285
425
166
667
982
364
29
342
455
4
131
512
124
722
713
344
136
511
137
658
455
612
77
955
569
761
960
814
58
509
900
16
942
103
602
221
730
135
441
357
437
92
213
734
22
715
64
831
999
353
191
494
919
149
195
958
710
220
600
257
345
426
298
526
221
498
939
31
776
82
697
90
979
462
252
994
227
616
733
985
271
921
954
452
44
975
151
587
580
834
870
699
694
596
679
842
614
565
306
503
549
728
921
323
547
510
755
128
601
925
779
788
307
100
823
66
802
270
284
781
208
400
351
386
477
65
839
17
982
757
86
439
365
974
53
692
819
439
7
484
50
702
894
476
0
782
458
762
493
846
816
73
493
434
655
976
993
395
389
54
816
86
392
661
203
502
345
576
911
526
163
609
579
735
386
612
144
699
734
481
984
700
798
58
568
19
481
578
119
672
511
742
929
467
543
827
405
590
802
715
913
71
556
21
416
189
27
0
737
502
63
284
673
282
34
437
723
904
33
348
612
91
368
500
811
577
628
238
517
288
866
82
839
381
253
451
284
346
548
60
671
507
850
789
914
430
567
757
420
357
716
962
505
953
716
636
884
300
182
66
896
730
870
480
684
725
715
286
700
668
595
990
468
168
595
17
120
827
619
742
622
381
486
952
877
60
655
563
7
263
303
563
570
511
27
401
436
499
873
675
988
406
955
271
958
615
669
652
270
605
665
309
174
637
370
618
291
241
925
828
937
671
3
533
854
715
531
554
556
10
844
639
336
180
264
437
744
285
389
650
906
832
501
349
599
904
221
860
606
741
754
292
100
647
703
244
825
739
859
759
455
239
712
732
980
59
102
827
206
205
574
550
830
657
987
850
421
828
114
121
771
843
138
638
798
453
718
716
952
625
416
458
153
101
464
127
411
949
730
950
709
420
829
446
479
522
55
545
388
34
630
311
198
847
193
270
651
99
437
520
524
147
892
841
471
802
368
188
266
256
934
673
224
78
829
469
873
281
877
77
961
185
188
592
842
37
11
545
541
837
824
718
956
44
517
744
747
279
429
111
109
326
983
945
627
6
979
398
415
193
593
627
423
971
25
42
628
1
109
682
922
104
386
528
930
656
365
50
915
99
227
523
8
333
97
472
355
897
962
862
982
582
71
718
202
709
0
471
689
944
433
70
77
872
120
804
900
419
914
227
635
784
669
38
135
888
912
637
674
275
831
938
971
804
707
411
686
811
862
636
483
588
36
952
819
329
733
996
252
457
655
64
429
187
704
59
213
91
816
826
430
888
525
764
815
927
961
565
544
976
46
741
30
595
530
100
662
798
789
501
934
982
7
836
647
471
831
949
807
963
334
187
291
827
929
673
473
244
341
784
19
136
117
86
600
752
855
223
492
692
318
571
416
383
128
676
716
609
759
866
585
602
620
860
283
256
119
741
131
326
715
9
603
713
503
419
875
327
720
708
721
758
857
546
732
287
125
371
817
197
843
76
830
550
823
978
908
741
386
276
939
208
368
395
629
749
223
264
396
420
815
48
623
601
973
934
111
258
929
773
313
951
800
112
396
410
388
737
817
716
214
66
387
288
902
67
884
401
913
768
887
436
889
358
708
313
739
347
925
356
466
823
248
2
793
762
917
322
925
995
15
969
272
283
639
882
370
324
388
728
378
713
335
241
707
171
147
858
106
820
738
89
419
348
82
171
723
670
862
162
199
599
753
618
708
554
645
200
896
682
66
839
254
909
778
281
567
729
408
679
523
455
161
285
0
17
67
909
961
704
915
126
807
814
467
272
869
157
655
343
749
946
464
42
904
538
74
375
955
95
896
709
917
494
624
597
132
417
456
813
104
820
839
746
967
902
761
522
624
206
586
300
331
463
556
108
853
746
444
527
689
214
86
359
50
263
833
923
173
752
828
695
819
638
608
347
237
506
672
546
288
674
154
778
88
542
978
787
24
722
700
605
23
453
318
634
398
948
504
525
638
91
292
278
655
329
24
932
755
655
34
749
82
518
595
525
622
330
252
368
518
270
477
365
239
621
197
210
310
186
251
702
283
861
467
511
296
51
132
697
823
512
78
119
81
812
825
649
26
575
32
266
562
546
812
956
327
636
238
170
430
901
212
106
784
323
453
854
537
798
119
790
124
514
765
659
234
57
351
314
593
18
265
643
41
554
533
285
82
973
773
655
57
945
256
734
473
344
638
70
246
104
895
47
109
16
237
254
744
545
978
788
453
70
731
55
30
26
884
275
763
45
398
221
955
530
627
436
618
560
434
52
44
803
270
160
144
791
721
844
56
840
38
628
828
200
859
740
854
470
965
820
944
911
846
816
377
924
513
170
463
136
206
852
191
52
409
990
48
345
357
736
261
970
806
749
201
475
388
612
908
265
459
83
852
544
344
763
255
939
246
467
164
907
717
337
802
359
996
492
160
485
198
231
404
434
760
338
879
164
650
971
949
321
420
741
962
259
472
954
128
922
589
178
134
70
644
464
314
160
147
901
806
468
654
140
616
278
718
361
116
973
418
863
909
608
449
628
736
236
194
571
537
655
603
262
871
12
325
469
810
411
153
535
221
764
236
748
686
216
165
958
35
813
775
138
62
740
889
678
193
488
275
432
37
341
188
424
372
930
454
971
783
540
787
30
825
513
321
835
274
646
712
915
583
949
317
528
727
167
399
557
801
394
406
805
145
743
667
461
209
50
947
111
924
303
101
716
478
118
987
197
95
890
557
557
998
467
560
775
770
382
542
839
332
334
535
272
904
754
646
162
538
123
398
429
54
535
11
678
856
255
757
597
513
89
838
593
771
587
437
352
836
557
363
799
550
353
555
563
271
362
847
953
596
30
21
648
24
90
376
593
682
65
107
848
749
975
880
434
594
336
759
666
496
296
890
466
51
567
429
698
529
627
691
304
489
914
979
685
183
794
161
360
674
351
305
265
383
233
95
124
918
566
138
191
706
899
647
762
695
731
89
690
283
705
446
978
814
712
36
672
614
5
386
55
819
77
948
789
402
504
655
387
565
546
506
620
487
610
501
308
542
481
123
119
905
768
763
692
752
326
957
500
306
125
511
26
409
352
719
592
211
579
827
691
762
727
36
421
427
321
449
741
564
29
176
701
77
788
847
272
521
735
737
974
335
775
20
69
424
523
775
645
109
925
544
616
697
794
435
45
241
963
343
968
29
956
547
191
798
753
950
571
839
200
956
761
960
39
268
636
781
115
422
481
29
106
986
111
462
645
628
849
158
542
835
833
309
90
336
522
766
506
556
882
436
660
595
506
161
673
404
884
634
59
186
152
870
733
413
179
253
495
289
956
61
20
857
252
544
314
364
682
826
965
133
400
654
216
96
485
199
137
440
400
492
584
334
198
317
116
53
272
34
418
120
948
867
498
556
277
842
520
466
234
205
660
92
601
319
919
601
198
206
659
692
364
439
693
455
350
605
145
69
706
217
906
324
730
251
781
641
281
799
192
918
655
915
549
95
905
53
477
834
856
97
179
132
740
703
190
776
244
251
657
882
781
806
819
178
293
906
399
548
898
923
967
940
940
321
722
319
956
394
735
453
680
92
492
699
716
208
760
773
630
82
905
736
333
501
154
453
935
500
565
649
670
899
49
977
511
499
512
843
951
652
8
64
401
629
940
286
304
951
294
114
582
511
443
42
879
730
507
225
325
332
283
819
216
809
81
112
89
652
147
462
708
446
901
278
448
229
573
161
245
766
108
60
456
422
484
494
949
770
888
2
554
710
797
992
868
386
395
853
641
209
911
491
73
507
217
844
153
643
108
696
941
330
167
382
794
818
552
542
613
663
704
717
851
599
142
474
6
627
548
997
761
197
912
847
425
121
168
589
656
712
62
550
14
736
547
796
238
735
362
55
298
766
428
148
996
691
572
957
811
374
527
379
998
781
834
510
984
987
215
909
0
979
261
328
107
58
962
562
480
858
768
581
984
147
634
622
393
117
10
183
349
440
584
243
515
188
648
916
98
500
905
480
685
13
894
98
312
797
963
653
574
567
757
435
404
611
237
204
901
569
563
698
378
174
644
145
982
39
944
84
227
34
754
922
133
965
693
512
201
422
111
328
786
353
164
567
128
872
274
164
564
300
309
628
365
858
206
882
856
121
116
27
248
168
607
224
586
821
541
254
251
559
484
39
304
5
315
667
442
63
957
409
508
66
2
774
930
194
939
953
16
271
106
781
396
218
20
581
57
305
220
31
449
814
230
391
485
398
260
636
100
333
312
183
79
766
655
847
621
272
838
642
904
293
348
590
66
420
84
830
765
198
333
64
998
581
127
19
469
297
484
125
692
236
993
155
50
973
576
258
290
